119-bus sensor-budget exact-reference selection
date=2026-07-02
selection_rule=exact_reference_validation_over_fixed_sensor_policies
policy,K,exact_top1,sensors
old25,25,0.5709,5 8 11 19 23 27 34 36 44 49 51 57 62 67 74 76 84 88 93 95 102 106 109 111 118
lin35,35,0.6229,1 4 8 11 15 18 22 25 29 32 35 39 42 46 49 53 56 60 63 66 70 73 77 80 84 87 90 94 97 101 104 108 111 115 118
hybrid35_gap2,35,0.6104,5 8 11 19 23 27 31 34 36 40 42 44 49 51 54 57 62 67 71 74 76 78 80 82 84 86 88 93 95 97 102 106 109 111 118
hybrid35_gap4,35,0.6133,1 5 8 11 15 19 20 23 27 31 32 34 36 40 42 44 49 50 51 57 62 67 71 74 76 80 84 88 93 95 102 106 109 111 118
lin40,40,0.6191,1 4 7 10 13 16 19 22 25 28 31 34 37 40 43 46 49 52 55 58 61 64 67 70 73 76 79 82 85 88 91 94 97 100 103 106 109 112 115 118
hybrid40_gap2,40,0.6480,5 8 11 14 19 21 23 27 31 34 36 40 42 44 49 51 54 57 62 67 71 74 76 78 80 82 84 86 88 93 95 97 102 104 106 109 111 114 116 118
hybrid40_gap4,40,0.6269,1 5 8 11 15 19 20 23 27 28 31 32 34 36 40 42 44 49 50 51 57 62 67 70 71 74 76 80 84 88 93 95 96 97 102 106 107 109 111 118
best35=lin35,0.6229
best40=hybrid40_gap2,0.6480
