========================================================================
IP-A BOED EXPERIMENT RESULTS (Batched MC)
N_TEST=50, N_MC=200, K_MAX=12, time=61s
========================================================================

Top-1 Accuracy vs K:
   K        BOED      Random    GreedyLoop     Uniform
------------------------------------------------------
   1       0.180       0.060         0.060       0.020
   2       0.140       0.220         0.040       0.100
   3       0.280       0.200         0.260       0.080
   4       0.240       0.320         0.300       0.100
   5       0.240       0.480         0.360       0.220
   6       0.300       0.460         0.440       0.200
   7       0.400       0.460         0.440       0.260
   8       0.380       0.460         0.400       0.340
   9       0.420       0.480         0.400       0.480
  10       0.360       0.540         0.320       0.500
  11       0.400       0.540         0.360       0.460
  12       0.440       0.580         0.400       0.500

Posterior Entropy H(K) [lower = more certain]:
   K        BOED      Random    GreedyLoop     Uniform
------------------------------------------------------
   1       2.251       2.762         3.067       3.348
   2       2.119       2.362         2.791       3.273
   3       2.038       2.184         2.053       3.121
   4       1.888       1.930         1.864       3.014
   5       1.781       1.700         1.637       2.446
   6       1.640       1.596         1.512       2.214
   7       1.578       1.542         1.517       1.935
   8       1.518       1.457         1.489       1.750
   9       1.464       1.363         1.340       1.635
  10       1.422       1.289         1.323       1.446
  11       1.375       1.244         1.258       1.352
  12       1.350       1.221         1.212       1.284

BOED sensor savings (steps to reach threshold vs best baseline):
========================================================================