IEEE123 controlled three-phase composite stress audit
date=2026-07-03
role=simultaneous random sensor dropout and noise-inflation robustness for controlled unbalanced IEEE123 posterior inference
not_claimed=utility field deployment; evaluates frozen K75 checkpoints without retraining
device=cpu
n_bus=125
n_topologies=38
base_K=75
test_samples_per_scenario=1800
scenario_eval
scenario,drop_rate,noise_mult,retained_K,model,exact_top1,direct_top1,exact_agree,kl,truth_top3,truth_top5,truth_top10,truth_top20,rerank3,rerank5,rerank10,rerank20,direct_gain_ci_vs_fixed,top20_gain_ci_vs_fixed,rerank20_gain_ci_vs_fixed
nominal,0.00,1.0,75,fixed_K75,0.9022,0.8550,0.8722,0.0503,1.0000,1.0000,1.0000,1.0000,0.8978,0.8978,0.8978,0.8978,,,
nominal,0.00,1.0,75,dropout_robust,0.9022,0.8578,0.9078,0.0674,1.0000,1.0000,1.0000,1.0000,0.8972,0.8972,0.8972,0.8972,0.0028[-0.0150,0.0206],0.0000[0.0000,0.0000],-0.0006[-0.0133,0.0122]
nominal,0.00,1.0,75,dual_average,0.9022,0.8544,0.8672,0.0571,1.0000,1.0000,1.0000,1.0000,0.8944,0.8944,0.8944,0.8944,-0.0006[-0.0083,0.0078],0.0000[0.0000,0.0000],-0.0033[-0.0072,0.0006]
noise2x,0.00,2.0,75,fixed_K75,0.8661,0.8106,0.8500,0.0936,0.9967,0.9994,1.0000,1.0000,0.8528,0.8522,0.8522,0.8522,,,
noise2x,0.00,2.0,75,dropout_robust,0.8661,0.8044,0.8572,0.1447,0.9917,0.9989,1.0000,1.0000,0.8678,0.8694,0.8689,0.8689,-0.0061[-0.0261,0.0133],0.0000[0.0000,0.0000],0.0167[0.0044,0.0289]
noise2x,0.00,2.0,75,dual_average,0.8661,0.8117,0.8467,0.0871,0.9956,0.9994,1.0000,1.0000,0.8583,0.8578,0.8578,0.8578,0.0011[-0.0089,0.0106],0.0000[0.0000,0.0000],0.0056[0.0006,0.0106]
noise3x,0.00,3.0,75,fixed_K75,0.8006,0.7417,0.7850,0.2947,0.9533,0.9800,0.9950,0.9983,0.7889,0.7911,0.7933,0.7939,,,
noise3x,0.00,3.0,75,dropout_robust,0.8006,0.7006,0.7789,0.3862,0.9261,0.9750,0.9933,0.9994,0.7711,0.7900,0.7950,0.7956,-0.0411[-0.0622,-0.0211],0.0011[-0.0011,0.0033],0.0017[-0.0089,0.0128]
noise3x,0.00,3.0,75,dual_average,0.8006,0.7400,0.7983,0.2310,0.9467,0.9839,0.9972,0.9989,0.7844,0.7944,0.7956,0.7956,-0.0017[-0.0133,0.0095],0.0006[0.0000,0.0017],0.0017[-0.0028,0.0067]
drop10_noise1x,0.10,1.0,68,fixed_K75,0.8650,0.3661,0.3678,3.1384,0.6339,0.7439,0.8522,0.9378,0.5767,0.6644,0.7550,0.8228,,,
drop10_noise1x,0.10,1.0,68,dropout_robust,0.8650,0.7894,0.8189,0.1402,0.9956,1.0000,1.0000,1.0000,0.8633,0.8650,0.8650,0.8650,0.4233[0.3972,0.4483],0.0622[0.0517,0.0739],0.0422[0.0272,0.0567]
drop10_noise1x,0.10,1.0,68,dual_average,0.8650,0.6617,0.6728,0.5281,0.9850,0.9994,1.0000,1.0000,0.8578,0.8644,0.8650,0.8650,0.2956[0.2739,0.3167],0.0622[0.0517,0.0739],0.0422[0.0300,0.0556]
drop20_noise1x,0.20,1.0,60,fixed_K75,0.8467,0.1961,0.1950,4.1342,0.4278,0.5339,0.7039,0.8617,0.3994,0.4922,0.6372,0.7589,,,
drop20_noise1x,0.20,1.0,60,dropout_robust,0.8467,0.7656,0.7994,0.1826,0.9883,1.0000,1.0000,1.0000,0.8383,0.8417,0.8417,0.8417,0.5694[0.5444,0.5950],0.1383[0.1228,0.1539],0.0828[0.0650,0.1006]
drop20_noise1x,0.20,1.0,60,dual_average,0.8467,0.6033,0.6167,0.6902,0.9722,0.9967,1.0000,1.0000,0.8344,0.8444,0.8461,0.8461,0.4072[0.3844,0.4317],0.1383[0.1228,0.1539],0.0872[0.0722,0.1028]
drop40_noise1x,0.40,1.0,45,fixed_K75,0.7961,0.0894,0.0800,4.7218,0.2500,0.3667,0.5450,0.7794,0.2250,0.3239,0.4744,0.6522,,,
drop40_noise1x,0.40,1.0,45,dropout_robust,0.7961,0.6683,0.6633,0.3655,0.9578,0.9944,1.0000,1.0000,0.7889,0.7983,0.7994,0.7994,0.5789[0.5550,0.6044],0.2206[0.2011,0.2406],0.1472[0.1267,0.1700]
drop40_noise1x,0.40,1.0,45,dual_average,0.7961,0.4844,0.4767,0.9336,0.8789,0.9761,1.0000,1.0000,0.7406,0.7856,0.7944,0.7944,0.3950[0.3722,0.4172],0.2206[0.2011,0.2406],0.1422[0.1222,0.1622]
drop10_noise2x,0.10,2.0,68,fixed_K75,0.8333,0.3406,0.3433,3.0617,0.6200,0.7250,0.8478,0.9356,0.5606,0.6461,0.7400,0.7956,,,
drop10_noise2x,0.10,2.0,68,dropout_robust,0.8333,0.7422,0.7633,0.2207,0.9683,0.9961,1.0000,1.0000,0.8244,0.8333,0.8333,0.8333,0.4017[0.3761,0.4267],0.0644[0.0544,0.0756],0.0378[0.0244,0.0522]
drop10_noise2x,0.10,2.0,68,dual_average,0.8333,0.6367,0.6511,0.5866,0.9367,0.9839,0.9983,1.0000,0.8072,0.8244,0.8300,0.8306,0.2961[0.2750,0.3194],0.0644[0.0544,0.0756],0.0350[0.0244,0.0467]
drop20_noise2x,0.20,2.0,60,fixed_K75,0.7922,0.1956,0.1906,3.9294,0.4250,0.5483,0.7061,0.8750,0.3850,0.4889,0.6056,0.7228,,,
drop20_noise2x,0.20,2.0,60,dropout_robust,0.7922,0.7072,0.7461,0.2437,0.9717,0.9972,1.0000,1.0000,0.7833,0.7950,0.7933,0.7928,0.5117[0.4867,0.5378],0.1250[0.1083,0.1411],0.0700[0.0517,0.0900]
drop20_noise2x,0.20,2.0,60,dual_average,0.7922,0.5750,0.5922,0.7278,0.9144,0.9794,0.9978,0.9994,0.7633,0.7861,0.7922,0.7928,0.3794[0.3572,0.4022],0.1244[0.1078,0.1406],0.0700[0.0544,0.0856]
drop20_noise3x,0.20,3.0,60,fixed_K75,0.7172,0.1756,0.1700,3.9420,0.4106,0.5339,0.6878,0.8556,0.3678,0.4594,0.5672,0.6583,,,
drop20_noise3x,0.20,3.0,60,dropout_robust,0.7172,0.6094,0.6628,0.5234,0.8744,0.9467,0.9894,0.9989,0.6928,0.7106,0.7183,0.7183,0.4339[0.4072,0.4600],0.1433[0.1256,0.1589],0.0600[0.0417,0.0767]
drop20_noise3x,0.20,3.0,60,dual_average,0.7172,0.5000,0.5122,0.9209,0.8206,0.9183,0.9733,0.9944,0.6806,0.7083,0.7211,0.7206,0.3244[0.3017,0.3461],0.1389[0.1217,0.1539],0.0622[0.0467,0.0761]
drop40_noise2x,0.40,2.0,45,fixed_K75,0.7361,0.0983,0.0872,4.6081,0.2589,0.3572,0.5428,0.7689,0.2328,0.3122,0.4617,0.6150,,,
drop40_noise2x,0.40,2.0,45,dropout_robust,0.7361,0.6100,0.6433,0.4139,0.9189,0.9811,0.9983,1.0000,0.7067,0.7228,0.7278,0.7283,0.5117[0.4867,0.5378],0.2311[0.2111,0.2506],0.1133[0.0928,0.1333]
drop40_noise2x,0.40,2.0,45,dual_average,0.7361,0.4628,0.4606,0.9512,0.8333,0.9428,0.9922,0.9994,0.6883,0.7239,0.7367,0.7383,0.3644[0.3422,0.3878],0.2306[0.2106,0.2494],0.1233[0.1044,0.1422]
elapsed_sec=9.6
