IEEE123 three-phase unbalance-severity audit
date=2026-07-03
role=observation-level amplification of per-bus phase asymmetry for controlled unbalanced IEEE123 posterior inference
not_claimed=utility field data; larger feeder scale
device=cpu
n_bus=125
n_topologies=38
base_K=75
test_samples_per_scenario=1500
scenario_eval
scenario,drop_rate,unbalance_mult,retained_K,mean_obs_unbalance,model,exact_top1,direct_top1,exact_agree,kl,posterior_entropy,exact_entropy,truth_top5,truth_top10,truth_top20,rerank5,rerank10,rerank20,direct_gain_ci_vs_fixed,top20_gain_ci_vs_fixed,rerank20_gain_ci_vs_fixed
nominal,0.00,1.0,75,0.0282,fixed_K75,0.8980,0.8587,0.8733,0.0482,0.2415,0.1813,1.0000,1.0000,1.0000,0.8960,0.8960,0.8960,,,
nominal,0.00,1.0,75,0.0282,dropout_robust,0.8980,0.8500,0.9000,0.0722,0.2825,0.1813,1.0000,1.0000,1.0000,0.9013,0.9013,0.9013,-0.0087[-0.0273,0.0113],0.0000[0.0000,0.0000],0.0053[-0.0087,0.0187]
nominal,0.00,1.0,75,0.0282,dual_average,0.8980,0.8620,0.8713,0.0577,0.2685,0.1813,1.0000,1.0000,1.0000,0.8980,0.8980,0.8980,0.0033[-0.0047,0.0113],0.0000[0.0000,0.0000],0.0020[-0.0013,0.0053]
unbalance15,0.00,1.5,75,0.0430,fixed_K75,0.8340,0.8480,0.8693,0.1390,0.2464,0.1181,1.0000,1.0000,1.0000,0.8320,0.8320,0.8320,,,
unbalance15,0.00,1.5,75,0.0430,dropout_robust,0.8340,0.8307,0.9200,0.1709,0.3536,0.1181,1.0000,1.0000,1.0000,0.8380,0.8380,0.8380,-0.0173[-0.0347,0.0013],0.0000[0.0000,0.0000],0.0060[-0.0060,0.0173]
unbalance15,0.00,1.5,75,0.0430,dual_average,0.8340,0.8467,0.9140,0.1449,0.3216,0.1181,1.0000,1.0000,1.0000,0.8340,0.8340,0.8340,-0.0013[-0.0140,0.0100],0.0000[0.0000,0.0000],0.0020[-0.0060,0.0093]
unbalance20,0.00,2.0,75,0.0566,fixed_K75,0.8313,0.8380,0.8833,0.3035,0.2827,0.1028,1.0000,1.0000,1.0000,0.8280,0.8273,0.8273,,,
unbalance20,0.00,2.0,75,0.0566,dropout_robust,0.8313,0.6547,0.7173,0.8056,0.8717,0.1028,0.9727,0.9933,1.0000,0.8140,0.8320,0.8367,-0.1833[-0.2080,-0.1607],0.0000[0.0000,0.0000],0.0093[0.0000,0.0180]
unbalance20,0.00,2.0,75,0.0566,dual_average,0.8313,0.8340,0.8953,0.3748,0.7254,0.1028,1.0000,1.0000,1.0000,0.8347,0.8333,0.8313,-0.0040[-0.0127,0.0040],0.0000[0.0000,0.0000],0.0040[-0.0007,0.0093]
unbalance30,0.00,3.0,75,0.0843,fixed_K75,0.6267,0.7873,0.6533,2.0385,0.6958,0.1355,0.9987,1.0000,1.0000,0.7127,0.6647,0.6393,,,
unbalance30,0.00,3.0,75,0.0843,dropout_robust,0.6267,0.1473,0.1533,4.5510,1.5025,0.1355,0.4033,0.5313,0.7533,0.3407,0.4367,0.5447,-0.6400[-0.6667,-0.6147],-0.2467[-0.2687,-0.2247],-0.0947[-0.1160,-0.0720]
unbalance30,0.00,3.0,75,0.0843,dual_average,0.6267,0.7527,0.6400,2.2539,1.5860,0.1355,0.9767,0.9973,1.0000,0.7573,0.7247,0.6813,-0.0347[-0.0440,-0.0260],0.0000[0.0000,0.0000],0.0420[0.0320,0.0527]
drop20_unbalance15,0.20,1.5,60,0.0427,fixed_K75,0.7840,0.1907,0.1800,4.3847,1.1716,0.1622,0.5407,0.7040,0.8653,0.4660,0.5947,0.7127,,,
drop20_unbalance15,0.20,1.5,60,0.0427,dropout_robust,0.7840,0.7027,0.7920,0.3883,0.6565,0.1622,0.9993,1.0000,1.0000,0.7880,0.7880,0.7880,0.5120[0.4820,0.5407],0.1347[0.1180,0.1520],0.0753[0.0533,0.0960]
drop20_unbalance15,0.20,1.5,60,0.0427,dual_average,0.7840,0.5713,0.5873,0.8870,1.3935,0.1622,0.9880,1.0000,1.0000,0.7853,0.7907,0.7907,0.3807[0.3553,0.4060],0.1347[0.1180,0.1520],0.0780[0.0593,0.0967]
drop20_unbalance20,0.20,2.0,60,0.0582,fixed_K75,0.7620,0.2027,0.1893,4.3789,1.1949,0.1506,0.5353,0.6900,0.8660,0.4413,0.5660,0.6880,,,
drop20_unbalance20,0.20,2.0,60,0.0582,dropout_robust,0.7620,0.5627,0.6427,0.9689,1.0296,0.1506,0.9480,0.9920,0.9993,0.7320,0.7540,0.7593,0.3600[0.3287,0.3933],0.1333[0.1167,0.1520],0.0713[0.0500,0.0940]
drop20_unbalance20,0.20,2.0,60,0.0582,dual_average,0.7620,0.4487,0.4673,1.2901,1.5961,0.1506,0.9307,0.9853,0.9967,0.7267,0.7513,0.7560,0.2460[0.2227,0.2693],0.1307[0.1147,0.1487],0.0680[0.0500,0.0873]
drop20_unbalance30,0.20,3.0,60,0.0853,fixed_K75,0.5600,0.1827,0.1593,4.4073,1.3023,0.1801,0.5260,0.6707,0.8507,0.3973,0.4587,0.5133,,,
drop20_unbalance30,0.20,3.0,60,0.0853,dropout_robust,0.5600,0.1547,0.1733,4.3470,1.5943,0.1801,0.3780,0.5660,0.8327,0.3027,0.4193,0.5373,-0.0280[-0.0520,-0.0020],-0.0180[-0.0433,0.0093],0.0240[0.0020,0.0460]
drop20_unbalance30,0.20,3.0,60,0.0853,dual_average,0.5600,0.2353,0.2280,3.3243,1.9895,0.1801,0.4940,0.6867,0.8893,0.3967,0.5047,0.5580,0.0527[0.0380,0.0687],0.0387[0.0193,0.0560],0.0447[0.0287,0.0607]
elapsed_sec=5.3
