IEEE123 three-phase phase-topology ambiguity audit
date=2026-07-03
role=observation-level phase permutation stress for controlled unbalanced IEEE123 posterior inference
not_claimed=joint phase identification; utility field validation
device=cpu
n_bus=125
n_topologies=38
base_K=75
test_samples_per_scenario=1500
scenario_eval
scenario,drop_rate,phase_mode,retained_K,model,exact_top1,direct_top1,exact_agree,kl,posterior_entropy,exact_entropy,truth_top5,truth_top10,truth_top20,rerank5,rerank10,rerank20,direct_gain_ci_vs_fixed,top20_gain_ci_vs_fixed,rerank20_gain_ci_vs_fixed
nominal,0.00,none,75,fixed_K75,0.8927,0.8667,0.8753,0.0462,0.2307,0.1726,1.0000,1.0000,1.0000,0.9000,0.9000,0.9000,,,
nominal,0.00,none,75,dropout_robust,0.8927,0.8660,0.9167,0.0658,0.2695,0.1726,1.0000,1.0000,1.0000,0.8947,0.8947,0.8947,-0.0007[-0.0193,0.0180],0.0000[0.0000,0.0000],-0.0053[-0.0200,0.0100]
nominal,0.00,none,75,dual_average,0.8927,0.8720,0.8747,0.0541,0.2559,0.1726,1.0000,1.0000,1.0000,0.9000,0.9000,0.9000,0.0053[-0.0027,0.0127],0.0000[0.0000,0.0000],0.0000[-0.0033,0.0033]
global_swap_ab,0.00,global_swap_ab,75,fixed_K75,0.8540,0.8460,0.7987,0.1081,0.2521,0.1478,1.0000,1.0000,1.0000,0.8460,0.8460,0.8460,,,
global_swap_ab,0.00,global_swap_ab,75,dropout_robust,0.8540,0.8227,0.8780,0.1356,0.3136,0.1478,1.0000,1.0000,1.0000,0.8540,0.8540,0.8540,-0.0233[-0.0454,0.0000],0.0000[0.0000,0.0000],0.0080[-0.0067,0.0207]
global_swap_ab,0.00,global_swap_ab,75,dual_average,0.8540,0.8500,0.8173,0.1100,0.3013,0.1478,1.0000,1.0000,1.0000,0.8460,0.8460,0.8460,0.0040[-0.0073,0.0160],0.0000[0.0000,0.0000],0.0000[-0.0053,0.0053]
global_cycle_abc,0.00,global_cycle_abc,75,fixed_K75,0.6187,0.8160,0.6173,2.1857,0.6539,0.1683,1.0000,1.0000,1.0000,0.7313,0.6767,0.6300,,,
global_cycle_abc,0.00,global_cycle_abc,75,dropout_robust,0.6187,0.3673,0.3440,2.2428,0.9740,0.1683,0.8980,0.9813,1.0000,0.5647,0.6113,0.6293,-0.4487[-0.4793,-0.4207],0.0000[0.0000,0.0000],-0.0007[-0.0067,0.0053]
global_cycle_abc,0.00,global_cycle_abc,75,dual_average,0.6187,0.6667,0.5040,1.1323,1.1282,0.1683,1.0000,1.0000,1.0000,0.6500,0.6287,0.6280,-0.1493[-0.1747,-0.1253],0.0000[0.0000,0.0000],-0.0020[-0.0060,0.0013]
local20_swap_ab,0.00,local20_swap_ab,75,fixed_K75,0.9047,0.8507,0.8660,0.0605,0.2368,0.1642,1.0000,1.0000,1.0000,0.9007,0.9007,0.9007,,,
local20_swap_ab,0.00,local20_swap_ab,75,dropout_robust,0.9047,0.8627,0.9060,0.0792,0.2781,0.1642,1.0000,1.0000,1.0000,0.9047,0.9047,0.9047,0.0120[-0.0087,0.0320],0.0000[0.0000,0.0000],0.0040[-0.0093,0.0173]
local20_swap_ab,0.00,local20_swap_ab,75,dual_average,0.9047,0.8640,0.8767,0.0675,0.2640,0.1642,1.0000,1.0000,1.0000,0.9027,0.9027,0.9027,0.0133[0.0053,0.0220],0.0000[0.0000,0.0000],0.0020[-0.0013,0.0060]
local40_swap_ab,0.00,local40_swap_ab,75,fixed_K75,0.8847,0.8653,0.8487,0.0675,0.2398,0.1632,1.0000,1.0000,1.0000,0.8887,0.8887,0.8887,,,
local40_swap_ab,0.00,local40_swap_ab,75,dropout_robust,0.8847,0.8367,0.8713,0.0928,0.2844,0.1632,1.0000,1.0000,1.0000,0.8833,0.8833,0.8833,-0.0287[-0.0480,-0.0080],0.0000[0.0000,0.0000],-0.0053[-0.0187,0.0073]
local40_swap_ab,0.00,local40_swap_ab,75,dual_average,0.8847,0.8520,0.8547,0.0756,0.2708,0.1632,1.0000,1.0000,1.0000,0.8847,0.8847,0.8847,-0.0133[-0.0227,-0.0033],0.0000[0.0000,0.0000],-0.0040[-0.0087,0.0013]
drop20_local20_swap_ab,0.20,local20_swap_ab,60,fixed_K75,0.8560,0.1960,0.1987,4.0882,1.1287,0.2517,0.5400,0.7100,0.8640,0.4927,0.6407,0.7560,,,
drop20_local20_swap_ab,0.20,local20_swap_ab,60,dropout_robust,0.8560,0.7480,0.7700,0.2118,0.5506,0.2517,1.0000,1.0000,1.0000,0.8447,0.8447,0.8447,0.5520[0.5233,0.5793],0.1360[0.1200,0.1553],0.0887[0.0673,0.1107]
drop20_local20_swap_ab,0.20,local20_swap_ab,60,dual_average,0.8560,0.5893,0.6047,0.7099,1.3097,0.2517,0.9953,1.0000,1.0000,0.8393,0.8427,0.8427,0.3933[0.3693,0.4173],0.1360[0.1200,0.1553],0.0867[0.0687,0.1047]
elapsed_sec=5.1
