Large-system diversity-constrained sensor-policy search
date=2026-07-02
selection=exact-reference validation draw; reporting=fresh final draw

119_selected_policy=strat_p0.5
119_validation_exact=0.5730
119_selected_sensors=5 8 11 19 23 27 34 36 44 49 51 57 62 67 74 76 84 88 93 95 102 106 109 111 118
300_selected_policy=strat_p1.0
300_validation_exact=0.4338
300_selected_sensors=1 3 6 8 10 11 14 15 18 19 21 23 25 28 29 32 34 35 38 40 41 44 45 48 49 52 54 55 57 59 62 63 65 68 69 71 74 76 78 80 82 84 86 88 89 92 93 95 98 100 102 104 106 108 109 112 113 116 117 119 122 124 125 127 129 131 134 135 138 139 141 143 145 147 149 152 154 156 158 159 161 163 166 168 169 172 174 176 178 180 181 184 186 187 190 192 193 195 197 199 201 204 205 207 209 211 214 215 217 219 221 224 226 227 229 231 234 236 237 240 241 244 245 247 249 251 253 255 257 260 261 263 266 267 270 271 273 276 278 280 281 283 286 287 290 291 294 296 297 299

system,policy,n,exact_top1,nre_ensemble_top1,nre_exact_agree,truth_in_top20,exact_in_top20,rerank20,rerank20_vs_exact
119bus_IP1,random25,4000,0.5232,0.4475,0.5483,0.9363,0.9690,0.5235,0.9153
119bus_IP1,searched_fixed25,4000,0.5910,0.5028,0.6008,0.9795,0.9925,0.5867,0.9357
300bus_IPC_miss30,uniform150_miss30,5000,0.4298,0.2824,0.3476,0.9788,0.9908,0.4286,0.9908
300bus_IPC_miss30,searched150_miss30,5000,0.4284,0.0362,0.0424,0.4630,0.4760,0.2550,0.4760

deltas
119_exact_delta=0.0677
119_nre_delta=0.0553
300_exact_delta=-0.0014
300_nre_delta=-0.2462
elapsed_sec=18.7
