Large-system sensor-policy scan
date=2026-07-02
device=cuda
sensor_policy=topology-variance discriminative sensors selected from voltage library only

119_discriminative_sensors=31 32 33 34 35 47 48 49 50 71 72 73 74 75 76 77 79 80 81 82 83 84 85 86 87
300_discriminative_sensors=64 65 66 67 68 69 70 71 72 73 74 75 76 77 78 79 80 81 82 83 84 85 86 87 88 89 90 91 92 93 94 95 96 97 98 99 100 101 102 103 104 105 106 107 108 109 110 111 112 113 114 115 116 117 118 119 120 207 208 209 210 211 212 213 214 215 216 217 218 219 220 221 222 223 224 225 226 227 228 229 230 231 232 233 234 235 236 237 238 239 240 241 242 243 244 245 246 247 248 249 250 251 252 253 254 255 256 257 258 259 260 261 262 263 264 265 266 267 268 269 270 271 272 273 274 275 276 277 278 279 280 281 282 283 284 285 286 287 288 289 290 291 292 293 294 295 296 297 298 299

system,policy,n,exact_top1,nre_ensemble_top1,nre_exact_agree,truth_in_top20,exact_in_top20,rerank20,rerank20_vs_exact
119bus_IP1,random25,3000,0.5197,0.4390,0.5407,0.9417,0.9667,0.5177,0.8997
119bus_IP1,variance_top25_fixed,3000,0.3953,0.3573,0.4797,0.7303,0.8920,0.3977,0.8370
300bus_IPC_miss30,uniform150_miss30,4000,0.4315,0.2843,0.3640,0.9850,0.9892,0.4320,0.9892
300bus_IPC_miss30,variance_top150_miss30,4000,0.2913,0.0143,0.0255,0.2607,0.2557,0.0820,0.2557

deltas
119_exact_delta=-0.1243
119_nre_delta=-0.0817
300_exact_delta=-0.1402
300_nre_delta=-0.2700
elapsed_sec=2.5
